<Tiles>
    <Prefab name="MRGMT_path_to_suck_less_bathroom_1.5x2" tags="room,bathroom" themes="residential,apartment" width="1.7500448" height="2.2500172" formatVersion="2" minAnchors="1" maxAnchors="1">
        <Terrain width="6" height="8" LayerConstant="16711680">
            <Materials>
                <Material>cement_to_carpet_darkred</Material>
            </Materials>
        </Terrain>
        <Entity template="RMG Tile Shape" id="0" pos="0.125044823 0.00100000005 0.125" rot="1 0 0 0 1 0 0 0 1" layerMask="8" tileNameHash="502437603">
            <PolyShape num="5" p0="0 0 0" p1="1.5 0 0" p2="1.5 0 2" p3="0 0 2" p4="0 0 0"/>
        </Entity>
        <Entity template="Floor" id="0" pos="0.625044823 0 1.125" rot="1 0 0 0 1 0 0 0 1" layerMask="8"/>
        <Entity template="Effect Zone" id="0" pos="0.250044823 0 0.25" rot="1 0 0 0 1 0 0 0 1" layerMask="8">
            <PolyShape num="5" p0="0 0 0" p1="1.375 0 0" p2="1.37500024 0 1.75000012" p3="0 0 1.75000012" p4="0 0 0"/>
            <SoundShader effectID="EFX_REVERB_BATH" defaultIndoors="false" defaultOutdoors="false"/>
        </Entity>
        <Entity template="squatting_toilet" id="0" pos="0.875044823 -0.00489711761 0.25" rot="1 0 0 0 1 0 0 0 1" layerMask="8" editorAutoHeight="false"/>
        <Entity template="squatting_toilet_basin" id="0" pos="0.875044823 -0.0129170213 0.25" rot="1 0 0 0 1 0 0 0 1" layerMask="8"/>
        <Entity template="door_threshold_wood_01" id="0" pos="0.875004768 0 2.12501812" rot="-1.00000024 0 0 0 1 0 0 0 -1.00000024" layerMask="8"/>
        <Entity template="door_frame_wood_01" id="0" pos="0.875004768 0 2.12501717" rot="-1.00000024 0 0 0 1 0 0 0 -1.00000024" layerMask="8"/>
        <Entity template="Grunt Insurgent Weaponless" id="0" pos="0.875044823 0 1.25" rot="1 0 0 0 1 0 0 0 1" layerMask="8">
            <Human needsRescue="false">
                <Traits investigateMaxDistanceMeters="2" chanceToInvestigate="0.039999999" chanceToAmbush="0.40000001" chanceToBlindFire="0.090000004"/>
            </Human>
        </Entity>
        <Entity template="Broken Pink Light" id="0" pos="0.935870171 2.0999999 1.16681099" rot="1 0 0 0 1 0 0 0 1" layerMask="8">
            <Light color="BCD9FF" radiusMeters="2.75" limitType="Box" limitX="0.88582534" limitXNeg="0.76417464" limitY="1.116811" limitYNeg="1.0331891" colorMultiplier="4.9499998" animation="flicker" animRate="3" animAmount="1" isIndoorLight="false" startDisabled="false"/>
        </Entity>
        <Entity template="light_flickering" id="0" pos="0.875044823 1.60000002 0.75" rot="1 0 0 0 1 0 0 0 1" layerMask="8">
            <SoundEmitter minAttenuationDistance="0" maxAttenuationDistance="2.2"/>
        </Entity>
        <Entity template="door_frame_wood_old" id="0" pos="0.875044823 0 2.125" rot="1 0 0 0 1 0 0 0 1" layerMask="8"/>
        <Entity template="door_threshold_wood_old" id="0" pos="0.875044823 0 2.125" rot="1 0 0 0 1 0 0 0 1" layerMask="8"/>
        <Entity template="door_wood_old" id="0" pos="0.875044823 0 2.125" rot="1 0 0 0 1 0 0 0 1" layerMask="8"/>
        <Entity template="door_frame_wood_old" id="0" pos="1.62500572 0 1.12496567" rot="1.56462193e-07 0 1 0 1 0 -1 0 1.56462193e-07" group="1" layerMask="8"/>
        <Entity template="door_threshold_wood_old" id="0" pos="1.62500572 0 1.12496567" rot="1.56462193e-07 0 1 0 1 0 -1 0 1.56462193e-07" group="1" layerMask="8"/>
        <Entity template="door_wood_old" id="0" pos="1.62500572 0 1.12496567" rot="1.56462193e-07 0 1 0 1 0 -1 0 1.56462193e-07" group="1" layerMask="8"/>
        <Entity template="door_threshold_wood_01" id="0" pos="1.62500572 0 1.12496471" rot="1.56462193e-07 0 1 0 1 0 -1 0 1.56462193e-07" group="1" layerMask="8"/>
        <Entity template="door_frame_wood_01" id="0" pos="1.62500572 0 1.12496471" rot="1.56462193e-07 0 1 0 1 0 -1 0 1.56462193e-07" group="1" layerMask="8"/>
        <Entity template="door_frame_wood_old" id="0" pos="0.125 0 1.12496185" rot="1.56462193e-07 0 1 0 1 0 -1 0 1.56462193e-07" group="2" layerMask="8"/>
        <Entity template="door_threshold_wood_old" id="0" pos="0.125 0 1.12496185" rot="1.56462193e-07 0 1 0 1 0 -1 0 1.56462193e-07" group="2" layerMask="8"/>
        <Entity template="door_wood_old" id="0" pos="0.125 0 1.12496185" rot="1.56462193e-07 0 1 0 1 0 -1 0 1.56462193e-07" group="2" layerMask="8"/>
        <Entity template="door_threshold_wood_01" id="0" pos="0.125000954 0 1.1249609" rot="1.56462193e-07 0 1 0 1 0 -1 0 1.56462193e-07" group="2" layerMask="8"/>
        <Entity template="door_frame_wood_01" id="0" pos="0.125000954 0 1.1249609" rot="1.56462193e-07 0 1 0 1 0 -1 0 1.56462193e-07" group="2" layerMask="8"/>
        <Entity template="Wall" id="0" pos="0.875044823 0 0.125" rot="1 0 0 0 1 0 0 0 1" layerMask="8">
            <Wall numTrees="1" numNodes="6">
                <Branch parent="0" p0="0 0" p1="0.75 0" p2="0.75 2" p3="-0.75 2" p4="-0.75 0" p5="0 0"/>
            </Wall>
        </Entity>
    </Prefab>
    <Prefab name="MRGMT_path_to_suck_less_entrance_5.5x7" tags="room,entrance,mess" themes="compound" width="5.7500401" height="7.2500014" formatVersion="2" minAnchors="2" maxAnchors="4">
        <Terrain width="22" height="28" LayerConstant="16711680">
            <Materials>
                <Material>asphalt</Material>
            </Materials>
        </Terrain>
        <Entity template="RMG Tile Shape" id="0" pos="0.125040054 0.00100000005 0.125" rot="1 0 0 0 1 0 0 0 1" layerMask="8" tileNameHash="3319285402">
            <PolyShape num="7" p0="0 0 0" p1="3 0 0" p2="5.5 0 4.76837158e-07" p3="5.5 0 3.00000048" p4="5.5 0 7.00000048" p5="0 0 7.00000048" p6="0 0 0"/>
        </Entity>
        <Entity template="pallet_01" id="0" pos="4.78061199 0 3.86362457" rot="-0.0871555507 0 0.996195078 0 1 0 -0.996195078 0 -0.0871555507" layerMask="8"/>
        <Entity template="pallet_01" id="0" pos="4.78538322 0.151390627 3.88483953" rot="0.0871559829 0 0.996195197 0 1 0 -0.996195197 0 0.0871559829" layerMask="8"/>
        <Entity template="pallet_01" id="0" pos="4.81677628 0.3027578 3.93715954" rot="-0.500000119 0 0.866026103 0 1 0 -0.866026103 0 -0.500000119" layerMask="8"/>
        <Entity template="Relaxed Sentry Point" id="0" pos="1.00004005 0.0500000007 5.62500048" rot="1 0 0 0 1 0 0 0 1" layerMask="8"/>
        <Entity template="crate_01_02" id="0" pos="1.12504005 0.237232521 0.750000477" rot="0.0871559754 0 0.996195316 0 1 0 -0.996195316 0 0.0871559754" layerMask="8"/>
        <Entity template="door_frame_wood_01" id="0" pos="5.62501144 0 1.62498903" rot="0 0 1.00000012 0 1 0 -1.00000012 0 0" layerMask="8"/>
        <Entity template="door_threshold_wood_01" id="0" pos="5.62501144 0 1.62498951" rot="0 0 1.00000012 0 1 0 -1.00000012 0 0" layerMask="8"/>
        <Entity template="Wall" id="0" pos="0.375040054 0 7.12500048" rot="1 0 0 0 1 0 0 0 1" layerMask="8">
            <Wall numTrees="1" numNodes="9">
                <Branch parent="0" p0="0 0" p1="5.25 0" p2="5.25 -4" p3="5.25 -7" p4="2.75 -7.00000048" p5="-0.25 -7.00000048" p6="-0.25 -0.5"/>
                <Branch parent="0" p7="-0.25 0" p8="-0.25 -0.25"/>
            </Wall>
        </Entity>
        <Entity template="crate_01_02" id="0" pos="1.00004005 0.706982493 0.750000477" rot="-0.173648104 0 0.984808505 0 1 0 -0.984808505 0 -0.173648104" layerMask="8"/>
        <Entity template="door_frame_wood_old" id="0" pos="3.62496471 0 7.12500143" rot="-1 0 3.12924385e-07 0 1 0 -3.12924385e-07 0 -1" layerMask="8"/>
        <Entity template="door_threshold_wood_old" id="0" pos="3.62496471 0 7.12500143" rot="-1 0 3.12924385e-07 0 1 0 -3.12924385e-07 0 -1" layerMask="8"/>
        <Entity template="door_wood_old" id="0" pos="3.62496471 0 7.12500143" rot="-1 0 3.12924385e-07 0 1 0 -3.12924385e-07 0 -1" layerMask="8"/>
        <Entity template="Relaxed Sentry Point" id="0" pos="3.25004005 0.0500000007 3.62500048" rot="9.68575478e-08 0 -1 0 1 0 1 0 9.68575478e-08" layerMask="8"/>
        <Entity template="door_frame_wood_old" id="0" pos="5.62503624 0 1.62492561" rot="1.2665987e-07 0 1 0 1 0 -1 0 1.2665987e-07" layerMask="8"/>
        <Entity template="door_threshold_wood_old" id="0" pos="5.62503624 0 1.62492561" rot="1.2665987e-07 0 1 0 1 0 -1 0 1.2665987e-07" layerMask="8"/>
        <Entity template="door_wood_old" id="0" pos="5.62503624 0 1.62492561" rot="1.2665987e-07 0 1 0 1 0 -1 0 1.2665987e-07" layerMask="8"/>
        <Entity template="ladder" id="0" pos="0.646207809 0.954699814 6.74987602" rot="0.087155968 -0.340718895 -0.936118066 7.38992654e-08 0.939693332 -0.342020571 0.996195078 0.0298090372 0.0818999261" layerMask="8"/>
        <Entity template="Grunt Insurgent" id="0" pos="3.75004005 0 6.12500048" rot="0.96592766 0 -0.258820176 0 1 0 0.258820176 0 0.96592766" layerMask="8">
            <Human needsRescue="false">
                <Traits investigateMaxDistanceMeters="19" chanceToInvestigate="1" chanceToAmbush="0" chanceToBlindFire="0"/>
            </Human>
        </Entity>
        <Entity template="window_glass" id="0" pos="1.62504005 0 0.125000477" rot="-1.00000024 0 0 0 1 0 0 0 -1.00000024" layerMask="8"/>
        <Entity template="window_frame" id="0" pos="1.62504005 0 0.125000477" rot="-1.00000024 0 0 0 1 0 0 0 -1.00000024" layerMask="8"/>
        <Entity template="door_threshold_wood_01" id="0" pos="3.62496567 0 7.12500095" rot="-1 0 3.12924385e-07 0 1 0 -3.12924385e-07 0 -1" layerMask="8"/>
        <Entity template="door_frame_wood_01" id="0" pos="3.62496567 0 7.12500095" rot="-1 0 3.12924385e-07 0 1 0 -3.12924385e-07 0 -1" layerMask="8"/>
        <Entity template="room_tone_household" id="0" pos="3.00004005 1.60000002 4.25000048" rot="1 0 0 0 1 0 0 0 1" layerMask="8">
            <SoundEmitter minAttenuationDistance="0"/>
        </Entity>
        <Entity template="Pistol Insurgent" id="0" pos="1.87504005 0 3.75000048" rot="1 0 0 0 1 0 0 0 1" layerMask="8">
            <Human needsRescue="false">
                <Traits investigateMaxDistanceMeters="1" chanceToInvestigate="0" chanceToAmbush="1"/>
            </Human>
        </Entity>
        <Entity template="chair_plastic_01" id="0" pos="5.1050396 0.598328054 5.50000048" rot="-0.997564018 8.72098127e-08 0.0697564408 9.35210807e-08 1 8.72098127e-08 -0.0697564408 9.35210807e-08 -0.997564018" layerMask="8"/>
        <Entity template="chair_plastic_01" id="0" pos="0.750040054 0.598327935 3.12500048" rot="0.573577523 0 -0.819152892 0 1 0 0.819152892 0 0.573577523" layerMask="8" editorAutoHeight="false"/>
        <Entity template="barrel_02" id="0" pos="2.08503914 0.538434088 4.75000048" rot="-0.0871513635 -7.61901386e-09 -0.996195078 -3.32633476e-10 1 -7.61901386e-09 0.996195078 -3.32633476e-10 -0.0871513635" layerMask="8"/>
        <Entity template="barrel_02_02" id="0" pos="2.12504005 0.538434088 5.50000048" rot="1 0 0 0 1 0 0 0 1" layerMask="8"/>
        <Entity template="plank_01" id="0" pos="2.25004005 1.09591222 5.1050005" scale="0.779999971" rot="0.0871554017 -2.22804228e-08 -0.99619472 -2.97882252e-09 1 -2.2626141e-08 0.99619472 4.93949415e-09 0.0871554017" layerMask="8" editorAutoHeight="false"/>
        <Entity template="plank_01" id="0" pos="2.00004005 1.10119796 5.12500048" scale="0.779999971" rot="0.0871513635 0 -0.996195078 0 1 0 0.996195078 0 0.0871513635" layerMask="8"/>
        <Entity template="plank_03" id="0" pos="2.12504005 1.10119796 5.12500048" scale="0.75999999" rot="0.0871513635 0 -0.996195078 0 1 0 0.996195078 0 0.0871513635" layerMask="8" editorAutoHeight="false"/>
        <Entity template="plank_01" id="0" pos="1.87504005 1.09543169 5.12500048" scale="0.75999999" rot="0.0871513635 0 -0.996195078 0 1 0 0.996195078 0 0.0871513635" layerMask="8"/>
        <Entity template="vase_large_03" id="0" pos="2.12504005 1.07717192 4.62500048" scale="0.569999993" rot="1 0 0 -0 1 0 0 -0 1" layerMask="8"/>
        <Entity template="tea_pot" id="0" pos="2.25004005 1.35800493 5.50000048" rot="1 0 0 0 1 0 0 0 1" layerMask="8"/>
        <Entity template="can_01" id="0" pos="2.00004005 1.15384626 5.07500029" rot="0.793353319 0 -0.60876143 0 1 0 0.60876143 0 0.793353319" layerMask="8"/>
        <Entity template="can_06" id="0" pos="1.99503899 1.15384626 5.58500051" rot="0.979924679 0 -0.199367926 0 1 0 0.199367926 0 0.979924679" layerMask="8"/>
        <Entity template="bottle_beer" id="0" pos="2.03736496 1.30704951 4.8629775" rot="1 0 0 -0 1 0 0 -0 1" layerMask="8"/>
        <Entity template="bottle_wine_02" id="0" pos="2.19503975 1.37491095 5.00000048" rot="0.965925872 0 0.258819044 0 1 0 -0.258819044 0 0.965925872" layerMask="8"/>
        <Entity template="bottle_wine_03" id="0" pos="2.20503998 1.37491095 5.29500055" rot="0.430510908 0 0.902585387 -0 1 0 -0.902585387 -0 0.430510908" layerMask="8"/>
        <Entity template="glass_beer" id="0" pos="2.00004005 1.27199996 5.25000048" rot="0.601814985 0 -0.798635602 0 1 0 0.798635602 -0 0.601814985" layerMask="8"/>
        <Entity template="glass_beer" id="0" pos="2.25004005 1.26699996 5.75000048" rot="1 0 0 0 1 0 0 0 1" layerMask="8"/>
        <Entity template="debris_bottle_broken" id="0" pos="5.12504005 0.0484824926 6.37500048" rot="0.965925872 0 0.258819044 0 1 0 -0.258819044 0 0.965925872" layerMask="8"/>
        <Entity template="planks_panel_01" id="0" pos="4.70503998 0.379999995 4.04500055" scale="0.529999971" rot="0.930417597 0 -0.366501182 0 1 0 0.366501182 0 0.930417597" layerMask="8"/>
        <Entity template="debris_box" id="0" pos="5.2500391 0.690370083 4.00000048" rot="0.167731509 -0.0449434891 -0.984807909 0.258819371 0.965926349 4.24237783e-08 0.951251805 -0.254887223 0.173648342" layerMask="8"/>
        <Entity template="metalcrate_b1" id="0" pos="5.12504005 0.562298298 3.625" rot="0.939692676 0 -0.342020154 0 1 0 0.342020154 0 0.939692676" layerMask="8"/>
        <Entity template="engine" id="0" pos="1.00004005 1.18575001 0.750000477" rot="0.965925872 0 -0.258819044 0 1 0 0.258819044 0 0.965925872" layerMask="8"/>
        <Entity template="car_tire_01" id="0" pos="2.12504005 0.251886487 0.625000477" rot="0.90285933 0.422618598 -0.0789898634 0.421010226 -0.906308532 -0.0368338041 -0.0871557519 2.00400223e-07 -0.996195436" layerMask="8"/>
        <Entity template="tire_02" id="0" pos="2.62504005 0.11520429 0.625000477" rot="1.00000012 0 0 0 1.00000012 0 0 0 1" layerMask="8"/>
        <Entity template="tire_01" id="0" pos="2.7850399 0.441442311 0.475000381" scale="0.689999998" rot="0.907673359 0.342020065 -0.243210405 -0.330365986 0.939692616 0.0885213017 0.258819073 2.23517418e-08 0.965925813" layerMask="8"/>
        <Entity template="car_tire_02" id="0" pos="2.50004005 0.383102268 0.905000687" scale="0.829999983" rot="0.682796299 0.219846278 0.696747363 0.321393967 0.766044438 -0.556670368 -0.656121373 0.604022801 0.452395052" layerMask="8"/>
        <Entity template="chair_market_01" id="0" pos="1.93503952 0.302488685 1.02500057" rot="0.819151878 0 0.57357657 -0.0996005461 0.98480773 0.14224425 -0.564862669 -0.173648208 0.806707084" layerMask="8"/>
        <Entity template="curtain_03_01" id="0" pos="1.62504005 9.7681621e-08 0.25" rot="1 0 0 0 1 0 0 0 1" layerMask="8"/>
        <Entity template="Light Point" id="0" pos="0.493019104 2.0999999 1.48204422" rot="1 0 0 0 1 0 0 0 1" layerMask="8">
            <Light color="D9E8FF" radiusMeters="3.7" limitType="Box" limitX="0.44297904" limitXNeg="40" limitY="1.4320443" limitYNeg="40" colorMultiplier="1.09" isIndoorLight="false" startDisabled="false"/>
        </Entity>
        <Entity template="Light Point" id="0" pos="4.75004005 1.95000005 6.86317062" rot="1 0 0 -0 1 0 0 -0 1" layerMask="8">
            <Light color="DDEBFF" radiusMeters="4" limitType="Box" limitX="40" limitXNeg="0.94999999" limitY="40" limitYNeg="0.33682984" colorMultiplier="1.98" isIndoorLight="false" startDisabled="false"/>
        </Entity>
        <Entity template="light_wall_01" id="0" pos="0.250040054 1.77935445 1.5" rot="2.16066837e-07 0 1.00000036 0 1 0 -1.00000036 0 2.16066837e-07" layerMask="8"/>
        <Entity template="light_wall_01" id="0" pos="4.75004005 1.77935445 7.00000048" rot="-1.0000006 0 2.38418579e-07 0 1 0 -2.38418579e-07 0 -1.0000006" layerMask="8"/>
        <Entity template="light_radial_cold" id="0" pos="1.1935215 2 1.45926476" scale="0.74000001" rot="1 0 0 -0 1 0 0 -0 1" layerMask="8"/>
        <Entity template="light_cold_small_01" id="0" pos="0.378198624 1.79999995 1.48726273" rot="1 0 0 0 1 0 0 0 1" layerMask="8"/>
        <Entity template="light_cold_small_01" id="0" pos="4.7545166 1.79999995 6.86128902" rot="1 0 0 0 1 0 0 0 1" layerMask="8"/>
        <Entity template="door_frame_wood_old" id="0" pos="1.62503815 0 7.12500048" rot="1 0 0 0 1 0 0 0 1" group="1" layerMask="8"/>
        <Entity template="door_threshold_wood_old" id="0" pos="1.62503815 0 7.12500048" rot="1 0 0 0 1 0 0 0 1" group="1" layerMask="8"/>
        <Entity template="door_wood_old" id="0" pos="1.62503815 0 7.12500048" rot="1 0 0 0 1 0 0 0 1" group="1" layerMask="8"/>
        <Entity template="door_threshold_wood_01" id="0" pos="1.62503815 0 7.12500095" rot="1 0 0 0 1 0 0 0 1" group="1" layerMask="8"/>
        <Entity template="door_frame_wood_01" id="0" pos="1.62503815 0 7.12500095" rot="1 0 0 0 1 0 0 0 1" group="1" layerMask="8"/>
        <Entity template="door_frame_wood_old" id="0" pos="4.62496471 0 0.125003934" rot="-1 0 3.20374966e-07 0 1 0 -3.20374966e-07 0 -1" group="2" layerMask="8"/>
        <Entity template="door_threshold_wood_old" id="0" pos="4.62496471 0 0.125003934" rot="-1 0 3.20374966e-07 0 1 0 -3.20374966e-07 0 -1" group="2" layerMask="8"/>
        <Entity template="door_wood_old" id="0" pos="4.62496471 0 0.125003934" rot="-1 0 3.20374966e-07 0 1 0 -3.20374966e-07 0 -1" group="2" layerMask="8"/>
        <Entity template="door_threshold_wood_01" id="0" pos="4.62496519 0 0.125003219" rot="-1 0 3.20374966e-07 0 1 0 -3.20374966e-07 0 -1" group="2" layerMask="8"/>
        <Entity template="door_frame_wood_01" id="0" pos="4.62496519 0 0.125003219" rot="-1 0 3.20374966e-07 0 1 0 -3.20374966e-07 0 -1" group="2" layerMask="8"/>
        <Entity template="door_frame_wood_old" id="0" pos="0.125 0 5.12496567" rot="1.56462193e-07 0 1 0 1 0 -1 0 1.56462193e-07" group="3" layerMask="8"/>
        <Entity template="door_threshold_wood_old" id="0" pos="0.125 0 5.12496567" rot="1.56462193e-07 0 1 0 1 0 -1 0 1.56462193e-07" group="3" layerMask="8"/>
        <Entity template="door_wood_old" id="0" pos="0.125 0 5.12496567" rot="1.56462193e-07 0 1 0 1 0 -1 0 1.56462193e-07" group="3" layerMask="8"/>
        <Entity template="door_threshold_wood_01" id="0" pos="0.125000954 0 5.12496376" rot="1.56462193e-07 0 1 0 1 0 -1 0 1.56462193e-07" group="3" layerMask="8"/>
        <Entity template="door_frame_wood_01" id="0" pos="0.125000954 0 5.12496376" rot="1.56462193e-07 0 1 0 1 0 -1 0 1.56462193e-07" group="3" layerMask="8"/>
        <Entity template="Pistol Insurgent" id="0" pos="3.25004005 0 4" rot="1 0 0 0 1 0 0 0 1" layerMask="8">
            <Targets num="1" id0="13"/>
            <Human needsRescue="false">
                <Traits investigateMaxDistanceMeters="1" chanceToInvestigate="0" chanceToAmbush="1"/>
            </Human>
        </Entity>
        <Entity template="Pistol Insurgent" id="0" pos="1.25004005 0 4.62500048" rot="1.56462193e-07 0 1.00000036 0 1 0 -1.00000036 0 1.56462193e-07" layerMask="8">
            <Human needsRescue="false">
                <Traits investigateMaxDistanceMeters="1" chanceToInvestigate="0" chanceToAmbush="1"/>
            </Human>
        </Entity>
        <Entity template="Pistol Insurgent" id="0" pos="1.25004005 0 5.75000048" rot="-0.173648044 0 0.98480773 0 1 0 -0.98480773 0 -0.173648044" layerMask="8">
            <Targets num="1" id0="4"/>
            <Human needsRescue="false">
                <Traits investigateMaxDistanceMeters="1" chanceToInvestigate="0" chanceToAmbush="1"/>
            </Human>
        </Entity>
    </Prefab>
    <Prefab name="MRGMT_path_to_suck_less_garage_5x7" tags="room,garage" themes="compound" width="5.5177689" height="7.624269" formatVersion="2" minAnchors="1" maxAnchors="2">
        <Terrain width="20" height="28" LayerConstant="16711680">
            <Materials>
                <Material>asphalt</Material>
            </Materials>
        </Terrain>
        <Entity template="RMG Tile Shape" id="0" pos="0.125040054 0.00100000005 0.125000954" rot="1 0 0 0 1 0 0 0 1" layerMask="8" tileNameHash="1897497221">
            <PolyShape num="5" p0="0 0 0" p1="5.00000048 0 -1.66893005e-06" p2="5.00000048 0 6.99999905" p3="0 0 6.99999905" p4="0 0 0"/>
        </Entity>
        <Entity template="Floor" id="0" pos="0.875041008 0 3.62500048" rot="1 0 0 0 1 0 0 0 1" layerMask="8"/>
        <Entity template="crate_01" id="0" pos="0.835805893 0.237232521 0.73086071" rot="1.78813934e-07 0 1.00000107 0 1 0 -1.00000107 0 1.78813934e-07" layerMask="8" editorAutoHeight="false"/>
        <Entity template="crate_01_02" id="0" pos="0.816450119 0.706982493 0.586504936" rot="1.71363354e-07 0 -1.00000048 0 1 0 1.00000048 0 1.71363354e-07" layerMask="8"/>
        <Entity template="fan_02" id="0" pos="0.896917343 1.59010148 0.545483589" rot="0.5 0 -0.866025746 0 1 0 0.866025746 0 0.5" layerMask="8"/>
        <Entity template="window_glass" id="0" pos="5.12504005 0 4.62500048" rot="0 0 1.00000012 0 1 0 -1.00000012 0 0" layerMask="8"/>
        <Entity template="window_frame" id="0" pos="5.12504005 0 4.62500048" rot="0 0 1.00000012 0 1 0 -1.00000012 0 0" layerMask="8"/>
        <Entity template="door_frame_wood_old" id="0" pos="0.125013351 0 1.62499142" rot="1.56462193e-07 0 1 0 1 0 -1 0 1.56462193e-07" layerMask="8"/>
        <Entity template="door_threshold_wood_old" id="0" pos="0.125013351 0 1.62499142" rot="1.56462193e-07 0 1 0 1 0 -1 0 1.56462193e-07" layerMask="8"/>
        <Entity template="door_wood_old" id="0" pos="0.125013351 0 1.62499142" rot="1.56462193e-07 0 1 0 1 0 -1 0 1.56462193e-07" layerMask="8"/>
        <Entity template="door_threshold_wood_01" id="0" pos="0.12502861 0 1.62502956" rot="-1.56462193e-07 0 -1 0 1 0 1 0 -1.56462193e-07" layerMask="8"/>
        <Entity template="door_frame_wood_01" id="0" pos="0.12502861 0 1.62502956" rot="-1.56462193e-07 0 -1 0 1 0 1 0 -1.56462193e-07" layerMask="8"/>
        <Entity template="door_frame_wood_old" id="0" pos="0.125012398 0 4.62499189" rot="1.56462193e-07 0 1 0 1 0 -1 0 1.56462193e-07" layerMask="8"/>
        <Entity template="door_threshold_wood_old" id="0" pos="0.125012398 0 4.62499189" rot="1.56462193e-07 0 1 0 1 0 -1 0 1.56462193e-07" layerMask="8"/>
        <Entity template="door_wood_old" id="0" pos="0.125012398 0 4.62499189" rot="1.56462193e-07 0 1 0 1 0 -1 0 1.56462193e-07" layerMask="8"/>
        <Entity template="door_threshold_wood_01" id="0" pos="0.125029564 0 4.62503433" rot="-1.56462193e-07 0 -1 0 1 0 1 0 -1.56462193e-07" layerMask="8"/>
        <Entity template="door_frame_wood_01" id="0" pos="0.125032425 0 4.62502861" rot="-1.56462193e-07 0 -1 0 1 0 1 0 -1.56462193e-07" layerMask="8"/>
        <Entity template="Wall" id="0" pos="0.125040054 0 7.125" rot="1 0 0 0 1 0 0 0 1" layerMask="8">
            <Wall numTrees="1" numNodes="9">
                <Branch parent="0" p0="0 0" p1="0 -2.25" p2="1.1920929e-07 -4.25" p3="1.1920929e-07 -7" p4="4.5 -7" p5="5.00000048 -7" p6="5.00000048 1.1920929e-07" p7="4.62500048 4.76837158e-07"/>
                <Branch parent="0" p8="0.375 4.76837158e-07"/>
            </Wall>
        </Entity>
        <Entity template="room_tone_household" id="0" pos="4.00004005 1.60000002 4.12500048" rot="1 0 0 0 1 0 0 0 1" layerMask="8">
            <SoundEmitter minAttenuationDistance="0"/>
        </Entity>
        <Entity template="table_industrial" id="0" pos="4.56513405 0.420762241 1.5691433" rot="1.56462178e-07 0 1 0 1 0 -1 0 1.56462178e-07" layerMask="8"/>
        <Entity template="millingmachine" id="0" pos="4.31513405 1.03438234 2.44413948" rot="-8.19563866e-08 0 -1 0 1 0 1 0 -8.19563866e-08" layerMask="8"/>
        <Entity template="benchvise" id="0" pos="4.37002659 0.872520268 1.32516575" rot="-8.27014446e-07 0 -1 0 1 0 1 0 -8.27014446e-07" layerMask="8"/>
        <Entity template="toolshelves" id="0" pos="4.83068275 1.34182024 3.40294313" rot="-1.86264515e-07 0 -1.00000095 0 1 0 1.00000095 0 -1.86264515e-07" layerMask="8" editorAutoHeight="false"/>
        <Entity template="walltoolholder" id="0" pos="4.99503899 1.52999997 5.89405823" rot="-8.74227766e-08 0 -1 0 1 0 1 0 -8.74227766e-08" layerMask="8"/>
        <Entity template="hammer" id="0" pos="4.60174656 0.858111382 0.782527924" rot="-0.17364949 0 -0.984807551 0 1 0 0.984807551 0 -0.17364949" layerMask="8"/>
        <Entity template="wrench" id="0" pos="4.35174608 0.854287744 1.58430767" rot="-0.965925217 0 -0.258821517 0 1 0 0.258821517 0 -0.965925217" layerMask="8"/>
        <Entity template="toolbox_02" id="0" pos="4.67010689 0.144224107 3.16251707" rot="1.0000031 0 1.51991844e-06 0 1 0 -1.51991844e-06 0 1.0000031" layerMask="8" editorAutoHeight="false"/>
        <Entity template="weldermask" id="0" pos="4.35174656 0.936864853 0.53252697" rot="0.499999791 0 -0.866025507 0 1 0 0.866025507 0 0.499999791" layerMask="8"/>
        <Entity template="gloves" id="0" pos="4.47674608 0.880630791 0.907528877" rot="1.56462178e-07 0 1 0 1 0 -1 0 1.56462178e-07" layerMask="8"/>
        <Entity template="Grunt Insurgent" id="0" pos="4.37504005 0 4.87500048" rot="-0.258818924 0 -0.96592629 0 1 0 0.96592629 0 -0.258818924" layerMask="8">
            <Human needsRescue="false">
                <Traits chanceToInvestigate="0" chanceToAmbush="0.69999999" chanceToBlindFire="0"/>
            </Human>
        </Entity>
        <Entity template="Grunt Insurgent" id="0" pos="1.15349865 0 4.17212772" rot="-0.258819103 0 0.965925813 0 1 0 -0.965925813 0 -0.258819103" layerMask="8">
            <Human needsRescue="false">
                <Traits chanceToInvestigate="0" chanceToBlindFire="0"/>
            </Human>
        </Entity>
        <Entity template="bottle_oil" id="0" pos="4.74125671 1.05938816 2.36107779" rot="-0.0871555209 0 -0.99619478 0 1 0 0.99619478 0 -0.0871555209" layerMask="8"/>
        <Entity template="debris_tube_01" id="0" pos="4.65286875 0.904713869 1.919137" rot="-0.0871555805 0 0.99619472 0 1 0 -0.99619472 0 -0.0871555805" layerMask="8"/>
        <Entity template="pole_fusebox" id="0" pos="2.88503838 0.339657605 5.84000015" scale="0.959999979" rot="0.00479120295 0.122762159 -0.992424726 0.999945462 0.00861853734 0.0058936202 0.0092767626 -0.992398858 -0.122714326" layerMask="8" editorAutoHeight="false"/>
        <Entity template="decal_scratches_large_03" id="0" pos="4.12504005 0.00999999978 2.50000095" rot="0.819152176 0 0.57357645 0 1 0 -0.57357645 0 0.819152176" layerMask="8"/>
        <Entity template="decal_scratches_large_04" id="0" pos="4.00004005 0.00999999978 6.00000048" rot="0.258819044 0 0.965925992 0 1 0 -0.965925992 0 0.258819044" layerMask="8"/>
        <Entity template="window_glass" id="0" pos="4.37504053 0 0.125000954" rot="1 0 0 -0 1 0 0 -0 1" group="1" layerMask="8"/>
        <Entity template="window_frame" id="0" pos="4.37504053 8.8817842e-16 0.125000954" rot="1 0 0 0 1 0 0 0 1" group="1" layerMask="8"/>
        <Entity template="window_glass" id="0" pos="5.12504053 0 0.875000954" rot="1.56462193e-07 0 -1 0 1 0 1 0 1.56462193e-07" group="2" layerMask="8"/>
        <Entity template="window_frame" id="0" pos="5.12504053 0 0.875000954" rot="1.56462193e-07 0 -1 0 1 0 1 0 1.56462193e-07" group="2" layerMask="8"/>
        <Entity template="door_frame_wood_old" id="0" pos="0.125 0 3.12496471" rot="1.56462193e-07 0 1 0 1 0 -1 0 1.56462193e-07" group="3" layerMask="8"/>
        <Entity template="door_threshold_wood_old" id="0" pos="0.125 0 3.12496471" rot="1.56462193e-07 0 1 0 1 0 -1 0 1.56462193e-07" group="3" layerMask="8"/>
        <Entity template="door_wood_old" id="0" pos="0.125 0 3.12496471" rot="1.56462193e-07 0 1 0 1 0 -1 0 1.56462193e-07" group="3" layerMask="8"/>
        <Entity template="door_threshold_wood_01" id="0" pos="0.125000954 0 3.12496519" rot="1.56462193e-07 0 1 0 1 0 -1 0 1.56462193e-07" group="3" layerMask="8"/>
        <Entity template="door_frame_wood_01" id="0" pos="0.125000954 0 3.12496519" rot="1.56462193e-07 0 1 0 1 0 -1 0 1.56462193e-07" group="3" layerMask="8"/>
        <Entity template="Grunt Insurgent" id="0" pos="4.25003958 0 6.00000095" rot="-0.866025865 0 -0.500000536 0 1 0 0.500000536 0 -0.866025865" layerMask="8">
            <Human needsRescue="false">
                <Traits chanceToInvestigate="0" chanceToAmbush="0.69999999" chanceToBlindFire="0"/>
            </Human>
        </Entity>
        <Entity template="Grunt Insurgent" id="0" pos="1.08808041 0 5.96066093" rot="-0.57357657 0 0.819152057 0 1 0 -0.819152057 0 -0.57357657" layerMask="8">
            <Human needsRescue="false">
                <Traits chanceToInvestigate="0" chanceToBlindFire="0"/>
            </Human>
        </Entity>
        <Entity template="gloves" id="0" pos="3.12512016 1.02999997 6.46600533" rot="-0.573575795 5.01435942e-08 -0.819152474 1.5810194e-08 0.999999881 5.01435942e-08 0.819152355 1.5810194e-08 -0.573575795" layerMask="8"/>
        <Entity template="grindingmachine" id="0" pos="3.22785759 1.05999994 6.33106184" rot="-0.491318166 0.172986999 -0.853628695 0.0996001363 0.984807789 0.142244056 0.865266562 -0.015134424 -0.501083553" layerMask="8"/>
        <Entity template="crowbar" id="0" pos="2.45606804 0.620000005 5.08201361" rot="-0.105748668 0.814161777 -0.570927262 -0.0771472305 0.565698802 0.820995152 0.991395891 0.130864546 0.00298842415" layerMask="8" editorAutoHeight="false"/>
        <Entity template="plastic_gallon_yellow" id="0" pos="3.78003883 0.171683803 2.37500095" rot="-0.173645467 -1.51805697e-08 -0.984808207 -1.32811095e-09 1 -1.51805697e-08 0.984808207 -1.32811095e-09 -0.173645467" layerMask="8"/>
        <Entity template="gallon_metal_03" id="0" pos="2.50004005 0.78772366 2.62500048" rot="0.996195674 0.0871559456 3.0617592e-08 4.47034836e-08 2.15244668e-07 1.00000083 0.0871558413 -0.996195793 7.74692097e-08" layerMask="8"/>
        <Entity template="pickup_02_red" id="0" pos="2.75337791 0 4.50607014" rot="-0.999657333 8.73928201e-08 0.02617695 8.97112358e-08 1 8.73928201e-08 -0.02617695 8.97112358e-08 -0.999657333" layerMask="8"/>
        <Entity template="pickup_02_glass_right" id="0" pos="2.10338402 -5.96046448e-08 4.41607618" rot="-1.00000167 0 -2.38418579e-07 0 1 0 2.38418579e-07 0 -1.00000167" layerMask="8"/>
        <Entity template="pickup_02_glass_back" id="0" pos="2.75338554 -1.1920929e-07 4.17607403" rot="-1.00000167 0 -2.38418579e-07 0 1 0 2.38418579e-07 0 -1.00000167" layerMask="8"/>
        <Entity template="pickup_02_glass_left" id="0" pos="3.40337563 0 4.41607523" rot="-1.00000167 0 -2.38418579e-07 0 1 0 2.38418579e-07 0 -1.00000167" layerMask="8"/>
        <Entity template="pickup_02_glass_front" id="0" pos="2.75337791 -5.96046448e-08 5.40607786" rot="-1.00000167 0 -2.38418579e-07 0 1 0 2.38418579e-07 0 -1.00000167" layerMask="8"/>
        <Entity template="weapon_crate" id="0" pos="3.12504005 0.700218737 3.12500048" rot="1.00000131 0 2.16066837e-07 0 1 0 -2.16066837e-07 0 1.00000131" layerMask="8"/>
        <Entity template="crate_01_02" id="0" pos="2.37504005 0.937451243 3.50000048" rot="1 0 0 0 1 0 0 0 1" layerMask="8"/>
        <Entity template="plastic_gallon_yellow" id="0" pos="3.87504005 0.127354294 3.62500048" rot="-0.991601527 0.12175329 -0.0436193869 -0.0379371792 0.0486051366 0.99809736 0.123641759 0.991369665 -0.0435779504" layerMask="8"/>
        <Entity template="bolt cutters" id="0" pos="2.87504005 1.29244936 3.50000048" rot="-0.744474769 0.592518806 -0.307699144 0.166365549 -0.281698287 -0.944970131 -0.646590829 -0.754696965 0.111142568" layerMask="8"/>
        <Entity template="decal_stain_large_03" id="0" pos="2.37504005 0.00999999978 5.87500048" scale="1.50999999" rot="0.98480773 0 0.173648298 -0 1 0 -0.173648298 -0 0.98480773" layerMask="8"/>
        <Entity template="decal_stain_large_02" id="0" pos="3.37504005 0.00999999978 3.62500048" rot="0.939692676 0 -0.342020154 0 1 0 0.342020154 0 0.939692676" layerMask="8"/>
        <Entity template="FOV Blocker" id="0" pos="2.12504005 0 4.25000048" rot="1 0 0 0 1 0 0 0 1" layerMask="8">
            <Wall numTrees="1" numNodes="2">
                <Branch parent="0" p0="0 0" p1="1.24999976 0"/>
            </Wall>
        </Entity>
        <Entity template="dshk_truck_mount" id="0" pos="2.75004005 1.57000005 4.37500048" rot="0.965925813 0 0.258818984 0 0.99999994 -0 -0.258818954 0 0.965925753" layerMask="8" editorAutoHeight="false"/>
        <Entity template="decal_scratch_04" id="0" pos="2.87504005 2.47000003 4.62500048" rot="0.99999994 0 0 0 0.99999994 -0 -0 0 0.999999881" layerMask="8" editorAutoHeight="true"/>
        <Entity template="sofa_01_02" id="0" pos="2.53898048 0.52720046 0.90500164" rot="-0.0436192937 -3.81331988e-09 -0.999048233 -8.32045544e-11 1 -3.81331988e-09 0.999048233 -8.32045544e-11 -0.0436192937" layerMask="8"/>
        <Entity template="door_frame_wood_old" id="0" pos="0.125 0 6.12496471" rot="1.56462193e-07 0 1 0 1 0 -1 0 1.56462193e-07" group="4" layerMask="8"/>
        <Entity template="door_threshold_wood_old" id="0" pos="0.125 0 6.12496471" rot="1.56462193e-07 0 1 0 1 0 -1 0 1.56462193e-07" group="4" layerMask="8"/>
        <Entity template="door_wood_old" id="0" pos="0.125 0 6.12496471" rot="1.56462193e-07 0 1 0 1 0 -1 0 1.56462193e-07" group="4" layerMask="8"/>
        <Entity template="door_frame_wood_01" id="0" pos="0.125000954 0 6.12496567" rot="1.56462193e-07 0 1 0 1 0 -1 0 1.56462193e-07" group="4" layerMask="8"/>
        <Entity template="door_threshold_wood_01" id="0" pos="0.125000954 0 6.12496567" rot="1.56462193e-07 0 1 0 1 0 -1 0 1.56462193e-07" group="4" layerMask="8"/>
    </Prefab>
    <Prefab name="MRGMT_path_to_suck_less_room_3.5x3" tags="room,common" themes="compound" width="3.7500296" height="3.250001" formatVersion="2" minAnchors="1">
        <Terrain width="14" height="12" LayerConstant="255">
            <Materials>
                <Material>tiles</Material>
            </Materials>
        </Terrain>
        <Entity template="RMG Tile Shape" id="0" pos="0.12502861 0.00100000005 0.125" rot="1 0 0 0 1 0 0 0 1" layerMask="8" tileNameHash="1797435307">
            <PolyShape num="5" p0="0 0 0" p1="3.5 0 0" p2="3.5 0 3.00000048" p3="0 0 3.00000048" p4="0 0 0"/>
        </Entity>
        <Entity template="crate_01" id="0" pos="2.92502785 0.237232521 2.62500095" rot="0.0697567016 -6.09832451e-09 -0.997564018 2.12963869e-10 1 -6.09832451e-09 0.997564018 2.12963869e-10 0.0697567016" layerMask="8"/>
        <Entity template="window_glass" id="0" pos="1.50002861 0 0.125" rot="1 0 0 -0 1 0 0 -0 1" layerMask="8"/>
        <Entity template="Grunt Insurgent" id="0" pos="2.75002861 0 1.5" rot="0.573577881 0 -0.819154799 0 1 0 0.819154799 0 0.573577881" layerMask="8">
            <Human needsRescue="false">
                <Traits chanceToInvestigate="0" chanceToBlindFire="0"/>
            </Human>
        </Entity>
        <Entity template="window_frame" id="0" pos="1.50002861 8.8817842e-16 0.125" rot="1 0 0 0 1 0 0 0 1" layerMask="8"/>
        <Entity template="sink_03" id="0" pos="3.06002808 1.10000002 2.79235554" rot="-5.28991222e-07 0 1.00000024 0 1 0 -1.00000024 0 -5.28991222e-07" layerMask="8"/>
        <Entity template="window_glass" id="0" pos="2.75002861 0 0.125" rot="1 0 0 -0 1 0 0 -0 1" layerMask="8"/>
        <Entity template="window_frame" id="0" pos="2.75002861 8.8817842e-16 0.125" rot="1 0 0 0 1 0 0 0 1" layerMask="8"/>
        <Entity template="curtain_04_01" id="0" pos="2.12502861 0 0.25" rot="1 0 0 0 1 0 0 0 1" layerMask="8"/>
        <Entity template="door_frame_wood_01" id="0" pos="0.125 0 1.62498951" rot="0 0 1.00000012 0 1 0 -1.00000012 0 0" layerMask="8"/>
        <Entity template="door_threshold_wood_01" id="0" pos="0.125 0 1.62498951" rot="0 0 1.00000012 0 1 0 -1.00000012 0 0" layerMask="8"/>
        <Entity template="fridge_02" id="0" pos="0.75002861 0.604151845 2.55500031" rot="1 0 0 -0 1 0 0 -0 1" layerMask="8"/>
        <Entity template="gas_cylinder" id="0" pos="3.04502869 2.63221871e-08 0.850000381" scale="0.610000014" rot="0.766044438 0 0.642787635 -0 1 0 -0.642787635 -0 0.766044438" layerMask="8"/>
        <Entity template="TT 33 pickup" id="0" pos="0.87502861 1.24078512 2.375" rot="0.766044617 -0.640341938 0.0560225323 0 -0.0871555731 -0.996195078 0.642787635 0.76312989 -0.0667650625" layerMask="8"/>
        <Entity template="cup_metal_02" id="0" pos="3.12502861 1.05999994 2.75" rot="0.215054452 -0.832562149 -0.510481954 0.946149111 0.30713439 -0.102324679 0.241978228 -0.460986644 0.853778541" layerMask="8"/>
        <Entity template="bottle_wine_01" id="0" pos="0.37502861 0.297739059 0.375" rot="0.939692676 0 -0.342020154 0 1 0 0.342020154 0 0.939692676" layerMask="8"/>
        <Entity template="bottle_wine_01" id="0" pos="0.37502861 0.297739059 0.625" rot="0.258819282 0 -0.965926051 0 1 0 0.965926051 0 0.258819282" layerMask="8"/>
        <Entity template="bottle_wine_01" id="0" pos="0.565029144 0.297739059 0.435001373" rot="0.258818209 0 -0.965926051 0 1 0 0.965926051 0 0.258818209" layerMask="8"/>
        <Entity template="bottle_beer_02" id="0" pos="0.75002861 0.229877606 0.375" rot="0.642787814 0 0.766044497 0 1 0 -0.766044497 0 0.642787814" layerMask="8"/>
        <Entity template="bottle_wine_04" id="0" pos="0.62502861 0.247378975 0.625" rot="1 0 0 0 1 0 0 0 1" layerMask="8"/>
        <Entity template="bottle_wine_04" id="0" pos="0.50002861 0.247378975 0.75" rot="0.642787814 0 0.766044497 0 1 0 -0.766044497 0 0.642787814" layerMask="8"/>
        <Entity template="bottle_wine_04" id="0" pos="0.825027466 0.247378975 0.625" rot="-0.642787099 5.61942315e-08 0.766044915 1.54392552e-07 1 5.61942315e-08 -0.766044915 1.54392552e-07 -0.642787099" layerMask="8"/>
        <Entity template="bottle_beer_02" id="0" pos="0.87502861 0.229877606 0.5" rot="-0.707106948 0 0.707107127 0 1 0 -0.707107127 0 -0.707106948" layerMask="8"/>
        <Entity template="bottle_beer" id="0" pos="0.705028534 0.229877606 0.5" rot="0.258818209 0 0.965926051 -0 1 0 -0.965926051 -0 0.258818209" layerMask="8"/>
        <Entity template="debris_bottle_broken" id="0" pos="0.37502861 0.0484824926 0.875" rot="0.642787814 0 -0.766044497 0 1 0 0.766044497 0 0.642787814" layerMask="8"/>
        <Entity template="bottle_wine_02" id="0" pos="1.12502861 0.0737320036 0.625" scale="0.920000017" rot="0.70526886 -0.708582342 0.0225146525 0.0435778797 0.0116322152 -0.99898231 0.707599282 0.705532253 0.0390823558" layerMask="8"/>
        <Entity template="bottle_wine_03" id="0" pos="0.50002861 1.51748908 2.375" rot="1 0 0 0 1 0 0 0 1" layerMask="8"/>
        <Entity template="bottle_wine_03" id="0" pos="0.715028763 1.51748908 2.50500011" rot="0.98480773 0 0.173648298 -0 1 0 -0.173648298 -0 0.98480773" layerMask="8"/>
        <Entity template="bottle_wine_03" id="0" pos="0.475028992 1.51748908 2.55500031" rot="0.98480773 0 0.173648298 -0 1 0 -0.173648298 -0 0.98480773" layerMask="8"/>
        <Entity template="bottle_beer_02" id="0" pos="0.62502861 1.44962764 2.65500069" rot="0.866025388 0 0.5 -0 1 0 -0.5 -0 0.866025388" layerMask="8"/>
        <Entity template="Light Point" id="0" pos="1.86742496 2.0999999 1.61784267" rot="1 0 0 0 1 0 0 0 1" layerMask="8">
            <Light color="D7E1EF" radiusMeters="4" limitType="Box" limitX="1.8173964" limitXNeg="2.0826037" limitY="1.335394" limitYNeg="1.5821583" colorMultiplier="2.45" isIndoorLight="false" startDisabled="false"/>
        </Entity>
        <Entity template="decal_stain_small_02" id="0" pos="0.87502861 0.00999999978 1" scale="0.479999989" rot="0.98480773 0 0.173648298 -0 1 0 -0.173648298 -0 0.98480773" layerMask="8"/>
